x:0.26220763571790967,0.386607432775241,0.3986769406392694,0.42052067478437344,0.4446099695585997,0.45173579401319125,0.458984398782344,0.46618277524099444,0.4736693302891933,0.4802274226281076,0.4875318366311517,0.49695750887874174,0.5039778031456114,0.5118793759512937,0.5189549720953831,0.5267398528665652,0.5349245306950786,0.5422467021816337,0.5465399543378996,0.552683536276002,0.5612436580416033,0.5669737442922375,0.5759280821917808,0.5841421867072552,0.5929285895484525,
y:6.776720668330657E11,6.036705411054404E11,6.002798536955453E11,5.962913635422462E11,5.95205063285244E11,5.95557120753528E11,5.96229614200428E11,5.972087511945956E11,5.985528656358827E11,5.999995247431487E11,6.019018945347849E11,6.048001249995316E11,6.072753365143619E11,6.103734977062695E11,6.134210851997852E11,6.170599925233884E11,6.21197684502966E11,6.251562399328856E11,6.2758671789887E11,6.311976059124764E11,6.364798521485503E11,6.401701860230319E11,6.461701752027997E11,6.519056302631674E11,6.582661730131997E11,
