x:0.2502758106325327,0.3917638877507468,0.4016142175325834,0.41753506989179195,0.42646099581771785,0.46588666806530793,0.47241939257063514,0.4797466376239076,0.4868927563453688,0.4938673885117818,0.5026913357466879,0.5098070130678447,0.5171230962743388,0.5246162469592703,0.5320475001302496,0.5396147248892551,0.5470317720734257,0.5549013814087884,0.5615487685219289,0.5706852474666271,0.5790596766903714,0.5864711429511527,0.59385521195166,0.6009932129663734,0.6081865158583064,0.6155604377253789,0.6222900166193414,0.6308430353915383,0.6371885452849934,0.6434655620277635,0.6492991490394328,0.6553412596431871,0.6613691642601329,0.66805054427028,0.6746045777558204,0.6812605899323805,
y:1.000083590820411E11,2.037330228673338E11,2.0581913327324567E11,2.0654642204891217E11,2.052375875444534E11,1.796781091117135E11,1.7216739049030994E11,1.6293834225847928E11,1.5338894006694617E11,1.4384399263037854E11,1.3188372955314766E11,1.2265938826855838E11,1.1383422320461392E11,1.0571409934188864E11,9.877563428011461E10,9.302085932603737E10,8.879509905357036E10,8.592998244130571E10,8.482583448332372E10,8.520627516420073E10,8.732636511476813E10,9.043687388742886E10,9.451905469712054E10,9.924997713263972E10,1.0467024473904643E11,1.1079060432803247E11,1.1679021916300113E11,1.2487817401299542E11,1.3114579894468599E11,1.3751828582890128E11,1.43547853631454E11,1.4985557613570544E11,1.5615233770334003E11,1.6305336497802493E11,1.6963757744847342E11,1.7600597940796466E11,
