x:0.263482614256621,0.3873562824453577,0.3987317263824455,0.4211934209537291,0.4453349734651446,0.4528788598172502,0.45981746965996956,0.46956125454074077,0.47836592222212077,0.4857028070521563,0.4943268557583968,0.5020244711820396,0.5092177740739726,0.5177900723996957,0.5258727715371893,0.5339503971079655,0.5424618126330797,0.5504978349567733,0.5576256888380517,0.5635409602738711,0.5719605442414003,0.5791543544900051,0.584312649771588,0.5915754605275495,0.5997109247589041,0.6081594280567225,0.6160741921358701,
y:1.3899815817794634E12,1.3271079682075408E12,1.32544824981628E12,1.3244783484719824E12,1.3268599825329211E12,1.3283229231227568E12,1.3299647305197605E12,1.332741439155826E12,1.3357145739486213E12,1.3385196678317883E12,1.3421868732878242E12,1.3457879771572158E12,1.349423092262504E12,1.3540829255199827E12,1.358789460773441E12,1.3637822106078247E12,1.3693383498844246E12,1.3748474296777087E12,1.3799344079925493E12,1.3842898868062402E12,1.3906868925972983E12,1.3963221101598503E12,1.400451880051572E12,1.4063818615139365E12,1.4131729719273582E12,1.420369784882487E12,1.4272281254569539E12,
