x:2000.2163162533639,2000.763898105918,2001.0376890321954,2001.3114799584725,2001.5852708847497,2001.8590618110268,2002.1328527373041,2002.4066436635812,2002.6804345898584,2002.9542255161355,2003.2280164424126,2003.50180736869,2003.775598294967,2004.0493892212442,2004.3231801475213,2004.5969710737986,2004.8707620000757,2005.1445529263528,2005.41834385263,2005.692134778907,2005.9659257051844,
y:1.48992028505E11,8.358308343054385E11,1.2694450616075078E12,1.6977354821876099E12,2.1228661709368438E12,2.5459346388333223E12,2.9675478602809336E12,3.3880790081518647E12,3.807774717902035E12,4.226807022303109E12,4.645300993375126E12,5.063350543402591E12,5.481027976946313E12,5.89839005465882E12,6.315482213266443E12,6.732341193369202E12,7.148997043181112E12,7.565474580591543E12,7.981794478454752E12,8.397974087598841E12,8.814028070455082E12,
