x:2000.3262080723578,2000.3725233566793,2000.3771958016443,2000.3880480627295,2000.3919739204002,2000.4039943561042,2000.4156842146158,2000.4196579856987,2000.437552757832,2000.445284055868,2000.4492233495746,2000.4926100850255,2000.4965650963595,2000.5005517964582,2000.5044984419585,2000.5084141592245,2000.5123445800773,2000.516285648355,2000.5202104919852,2000.5241371101863,2000.5280515599015,2000.5319802061836,2000.535905556834,2000.5398955525643,2000.5438913790272,2000.5479353724124,2000.5518670608158,2000.5558565495257,2000.559813842451,2000.5638051057317,2000.567816649822,2000.5717726751966,2000.5757682481494,2000.5797148936497,2000.5836754822064,2000.5876933640495,2000.591664346521,2000.595645215887,2000.5996674074022,2000.6036117713113,2000.6075495439575,2000.6114842744823,2000.6154555104638,2000.6194655334934,2000.6234139535645,2000.6273803728538,2000.6312948225693,2000.6352716357735,2000.6391901416507,2000.6432143612467,2000.6472489747575,2000.6512077887435,2000.6551990520243,2000.659124909695,2000.6630609077704,2000.6680413675274,2000.672054179168,2000.6760188238868,2000.679947977189,2000.6839425361013,2000.688024302494,2000.692003143779,2000.6959454796072,2000.6999339542767,2000.703895810384,2000.7079020307617,2000.7118735202534,2000.7157869559285,2000.7197374040804,2000.723734244584,2000.727728042966,2000.7316404646003,2000.7355990250762,2000.7395487126978,2000.743471274737,2000.7474202018284,2000.751380790385,2000.7553467026542,2000.7593328957325,2000.7633117370178,2000.7672449464817,2000.7712288579692,2000.7751607998828,2000.7791178392977,2000.7830832445468,2000.787042819063,2000.791114698561,2000.7950443588834,2000.7990011447882,2000.8029193971554,2000.806859958413,
y:0.05617285961877344,0.19396869514968465,0.21900087214723388,0.27686138899147567,0.2976829209731918,0.3609909550694234,0.4218323225801938,0.4423286787580624,0.5332738307418866,0.5718064202127089,0.5912458431645515,0.7952562349182939,0.8128147757649108,0.8303201473945044,0.8474525645076696,0.864252809720326,0.8809127555977279,0.8974092661477375,0.9136274277006057,0.9296419838448942,0.9453869300009358,0.9609695267796187,0.9763088230421588,0.9916693213734518,1.0068173664560784,1.0218904200225392,1.0363086629126104,1.0506824752623038,1.064692844870879,1.0785668609640706,1.0922484173381726,1.1054784798835868,1.1185793199145229,1.131247360560016,1.1436934280655116,1.156045091329252,1.1679735902600437,1.1796486523024523,1.1911605145307325,1.2021715429715758,1.2128767493006365,1.2232963876794238,1.233518686104793,1.243547137275646,1.253128606433753,1.262459257549306,1.2713788252389058,1.2801375841058122,1.2884756256470804,1.2967347861123373,1.3046975677648056,1.3122086186961406,1.319469391690167,1.3263097712207907,1.3328666256452515,1.3407280422981958,1.3467043798579592,1.3523008753286672,1.3575378165218932,1.362550239971463,1.3673452630304321,1.371701923902287,1.3757081995595914,1.3794476053483375,1.3828503447191618,1.385973120700649,1.3887537355472466,1.3911890261826982,1.3933383772104062,1.395199255039805,1.3967437596686223,1.397951292847244,1.3988650275242906,1.399472594956241,1.399772374358797,1.3997705384167003,1.3994636671838796,1.3988511525476626,1.3979289996036461,1.3967036732390108,1.3951931670000037,1.3933629176100915,1.39126009994637,1.3888483406393477,1.3861359045446338,1.3831336527173803,1.3797417807244527,1.3761775979171493,1.3723002584858663,1.3681809133017795,1.3637558537518235,
