x:2000.6150503206834,2000.7867449996197,2000.7990622861055,2000.8120954698709,2000.837234010191,2000.849858544376,2000.853819301848,2000.857972722894,2000.8624161533196,2000.8972649377647,2000.9012469896315,2000.9053588359063,2000.9095720840621,2000.9137995284811,2000.9178403934393,2000.970761021117,
y:0.6009962360138038,0.31710169842465724,0.3825976871476161,0.4510728964506909,0.5801705668084661,0.6432844598456432,0.6628223735701603,0.6831593754231451,0.7047674185593356,0.8678015785174112,0.8856439839356043,0.9038993771617683,0.9224142737301442,0.9408032127122065,0.9581803317904908,1.1677628239519948,
