x:2000.2163162533639,2000.490107179641,2000.6270026427796,2000.763898105918,2000.9007935690568,2001.0376890321954,2001.1745844953339,2001.3114799584725,2001.448375421611,2001.5852708847497,2001.7221663478883,2001.8590618110268,2001.9959572741654,2002.1328527373041,2002.2697482004426,2002.4066436635812,2002.5435391267197,2002.6804345898584,2002.817330052997,2002.9542255161355,2003.0911209792741,2003.2280164424126,2003.3649119055513,2003.50180736869,2003.6387028318284,2003.775598294967,2003.9124937581055,2004.0493892212442,2004.1862846843828,2004.3231801475213,2004.46007561066,2004.5969710737986,2004.733866536937,2004.8707620000757,2005.0076574632142,2005.1445529263528,2005.2814483894915,2005.41834385263,2005.5552393157686,2005.692134778907,2005.8290302420457,2005.9659257051844,2006.1028211683229,2006.2397166314615,2006.3766120946,2006.5135075577386,2006.6504030208773,2006.7872984840158,2006.9241939471544,2007.061089410293,2007.1979848734316,2007.3348803365702,2007.4717757997087,2007.6086712628473,2007.745566725986,
y:2.1902932556847232E11,1.8284761713022247E11,1.981725172244634E11,2.2838737623949963E11,2.61675129752455E11,2.917792361038793E11,3.162214676997028E11,3.341184399590812E11,3.45186535858358E11,3.493510412984568E11,3.465987727909972E11,3.369366111692907E11,3.2041869173953174E11,2.972646236911329E11,2.6818129249161993E11,2.3518968369344592E11,2.0354257551942935E11,1.840903875938286E11,1.8794662016216998E11,2.126153338352223E11,2.4556344311118628E11,2.777184634057421E11,3.051082756573299E11,3.262559999801394E11,3.40660447999545E11,3.481747614070692E11,3.4876717457316187E11,3.4243711746430194E11,3.2920958036770026E11,3.092026412638635E11,2.828294217190016E11,2.5132536784375076E11,2.1806279999251462E11,1.9107129296719675E11,1.829740871645125E11,1.9894026691465158E11,2.2939522071104443E11,2.626491522651639E11,2.926035025284265E11,3.168555342962771E11,3.345524724743766E11,3.454219961616392E11,3.4939256109925616E11,3.4645055658130005E11,3.3660149178369135E11,3.1989917954270276E11,2.965685786654245E11,2.6733624855788223E11,2.342785432148007E11,2.0277755167641876E11,1.8383684584998074E11,1.8837341657877646E11,2.1344983490225616E11,2.4647641388327866E11,2.785449407573351E11,
